2.95236
2.75879
1.88949
3.04153
2.09664
2.01852
3.65671
3.63025
3.43101
1.59189
3.60888
2.4946
2.96884
1.89
2.83385
2.51993
2.59325
2.57144
1.87783
1.80969
1.70787
2.22502
2.92532
1.3594
3.75132
2.26414
2.43732
3.48744
2.72313
1.16388
1.0234
1.67549
2.92267
1.91289
3.71702
1.01931
2.93141
3.37373
3.64956
2.36242
3.96562
3.25844
3.85702
2.93446
1.14844
2.69088
1.45439
2.74169
1.26232
2.33223
3.55138
1.97018
3.55725
2.4767
2.32959
3.30857
3.74084
3.76691
2.79601
2.46397
3.93079
2.81941
3.13946
2.85346
3.7323
2.85649
2.87277
2.66371
2.23022
2.52233
1.02613
2.19584
1.78077
3.88315
1.1303
1.92921
2.57403
1.58469
3.6709
2.83635
2.91692
3.22228
3.80653
2.47417
1.69898
2.13612
1.78274
1.43982
1.90302
3.57874
2.90379
1.83381
2.39815
2.04325
3.68727
2.13045
3.89974
2.56004
3.79416
2.12995
1.08237
3.82029
3.3258
1.86314
3.70345
3.4561
2.79235
2.27748
1.04079
2.46325
1.11383
2.95771
1.68553
3.92036
1.43188
2.38451
2.05648
2.21462
2.82433
2.9595
1.79337
1.72811
3.79331
3.19152
2.77136
3.48059
1.32197
2.6711
2.04063
1.11613
3.80105
2.12301
3.93642
3.12685
2.98615
3.63987
2.58295
1.7785
1.91734
2.62374
3.24175
2.03117
1.58146
3.92728
1.95153
2.01334
2.31179
3.008
3.22796
1.13612
1.96751
1.02133
1.86423
1.76082
3.21285
3.6356
1.24141
3.53482
2.3067
2.28204
3.65095
2.10775
3.40505
3.58737
1.2346
2.3912
3.22724
2.81755
3.1697
1.14458
1.44129
2.41145
2.17575
2.02274
2.33873
3.12728
3.03608
3.65052
2.13528
2.26405
3.78664
3.10279
2.28538
1.65087
3.86361
1.49823
1.28647
1.10502
1.03305
2.59317
2.38706
3.684
3.70092
1.79211
3.27138
3.93552
3.1833
2.49862
2.75307
2.353
2.6432
3.19436
3.76445
3.81895
1.2171
2.10317
2.94623
3.25318
1.7537
1.08152
1.51723
1.54034
3.18431
2.80261
2.19121
3.04792
3.30084
2.47768
3.15294
3.33389
1.07085
1.54
3.01789
3.77178
2.33211
2.28927
3.7073
1.51541
3.78789
2.46037
2.86841
2.43109
1.65472
2.63286
2.25004
1.87182
3.73603
1.19628
1.125
1.48973
1.27779
1.64223
2.03006
3.4621
3.44484
3.22128
2.51002
2.74567
1.69896
1.66296
2.07956
1.76981
2.20296
1.09745
1.54159
3.53507
2.38672
1.24889
1.05048
2.17461
2.70926
2.91889
3.60569
3.36398
1.55175
1.85574
1.2358
1.28778
2.05201
1.3608
1.77751
2.32981
2.00304
2.80757
1.79191
1.44788
2.02885
3.30193
3.19355
2.7278
3.96489
1.27311
3.49762
2.16785
1.37056
1.03921
1.70292
2.75728
1.2881
1.75339
3.93189
2.99735
3.67228
3.53758
2.36133
1.22403
1.39332
2.59713
1.51181
2.44533
2.95794
2.28931
3.77514
3.96097
1.09688
1.56705
1.40885
2.12573
3.86898
3.6024
3.85353
3.83387
3.87551
3.35115
2.00172
1.24607
3.39036
2.70464
3.00335
3.67846
3.45803
2.93524
2.67581
3.13031
2.47282
1.03714
3.35434
2.86614
2.63427
3.86615
1.31147
1.59221
2.15546
1.08661
1.55318
2.25234
1.65366
1.96203
3.37807
1.52264
1.56443
3.2316
1.35651
1.43994
2.58275
2.35823
1.68601
1.97311
1.06287
3.68936
1.65156
3.5209
2.6246
3.32737
2.65121
1.09742
3.36451
2.00555
2.96357
1.99878
1.8717
3.27504
2.59099
3.02716
3.36165
3.14417
1.2795
1.01531
1.1062
3.65757
1.53795
1.67062
2.88917
1.89446
2.11056
1.47192
3.2527
2.79657
2.44503
3.31556
2.48593
3.09659
2.83646
1.11053
2.42396
1.48767
1.20796
1.78848
2.49322
3.17152
2.78726
3.36492
2.44656
1.37825
2.39208
1.80821
3.52242
2.67158
1.82352
3.62861
2.32914
2.36147
1.29924
1.21831
3.25594
2.4098
1.69023
2.50863
1.20637
3.13525
1.8242
2.6923
2.23185
3.66066
2.80283
3.65581
1.14833
3.01079
1.44429
2.64155
2.18231
3.23155
2.00647
3.62888
3.6098
3.39855
1.43709
3.13221
2.07013
2.26061
2.76083
3.39927
3.62209
3.06006
3.61758
2.87802
1.46986
1.30781
1.38666
1.67623
3.44306
2.21085
3.36854
1.67491
1.87151
2.17137
1.33072
2.01985
1.18216
1.77501
3.6614
2.36448
1.00655
1.66787
1.99335
3.61635
1.06642
2.43044
2.74856
2.13655
3.69105
1.50939
1.53582
3.31314
3.56945
1.1534
2.19116
1.03932
1.46121
2.57782
1.71555
3.90427
3.78867
1.08409
1.57918
1.66018
2.25546
1.9099
2.68003
2.43762
2.68491
2.34143
3.8021
2.69146
3.0093
1.79545
2.30781
3.07572
3.22589
1.05638
1.21227
2.91694
1.56577
1.74808
2.23008
1.13522
1.90148
3.42124
1.17454
2.36269
1.99905
1.89009
2.26696
1.78772
1.97418
2.84614
2.44791
3.22964
3.75604
1.12793
1.66726
2.44094
2.46936
1.46935
1.1324
1.47866
2.2648
2.44022
3.55438
1.49069
2.49659
3.76665
3.40763
3.06236
1.51473
1.63771
3.19758
2.41621
1.05895
3.37212
3.77889
2.058
1.26221
2.04585
2.84572
2.23639
3.89198
1.29363
1.46603
3.64802
1.42156
2.13328
2.08896
2.89092
2.60264
2.22137
3.36958
3.86744
3.66158
2.92396
1.35813
2.15817
2.69061
3.76576
1.22053
3.20534
1.40347
3.41811
1.62155
1.46241
2.79023
1.40044
2.52041
3.05244
2.44629
1.36613
1.28883
2.33828
1.65976
1.75486
1.9863
2.08132
2.88814
3.07526
3.97224
1.49078
1.29662
3.34183
1.35821
3.9582
2.26579
1.71634
2.11638
3.9564
1.4821
2.33691
3.16174
1.88556
1.75502
3.78329
2.34797
3.54526
1.18373
3.86839
2.5977
2.63002
1.23452
2.88653
3.9683
1.89428
3.64139
1.95459
2.97559
2.52953
1.02985
2.94784
3.02031
1.32647
2.28966
3.37852
1.28467
3.55545
1.09486
2.40105
3.51185
1.57695
3.73796
2.67359
2.46251
1.49299
2.45688
3.81049
1.03824
2.64062
3.67888
2.63594
1.27064
3.91339
1.52248
1.23894
1.80767
1.16387
2.19353
3.78326
2.6934
2.22338
2.7311
1.7137
2.54985
1.02076
1.09222
2.83453
3.57621
1.18708
1.23558
3.08806
1.76403
3.97354
1.76166
3.22655
1.46652
3.21854
3.03704
1.50477
1.85916
2.71591
3.14071
2.1298
2.62931
3.66319
2.36873
3.43697
3.82706
3.56226
3.22024
2.52045
1.78564
1.95133
3.23416
3.33549
1.97209
3.32638
2.17002
1.5483
3.51346
2.4056
3.63636
1.27749
2.37913
1.39802
3.50404
2.84566
3.61656
2.54107
3.35043
1.47572
1.25699
2.49114
2.60552
2.88629
2.15433
3.97425
2.32327
1.98138
3.53651
1.5435
3.50184
1.32216
2.49484
2.73599
3.65765
3.46693
2.06237
1.82767
1.01523
1.57583
3.23327
3.6516
1.85332
1.6124
1.04962
1.35736
3.45806
3.66618
2.89843
2.80849
1.1419
3.15542
1.29963
2.74742
2.04171
2.45395
2.72167
3.36498
3.43534
2.25818
3.90848
2.93717
2.58034
2.40332
1.67317
2.23799
1.87025
2.73554
3.06566
1.88549
3.31137
2.29893
1.53708
1.1647
2.91133
1.5867
1.52206
2.36939
1.25288
3.42049
1.17788
1.39478
2.57591
1.4775
3.1422
3.61763
2.93146
1.86387
2.98261
2.3668
3.12205
2.89109
1.30397
1.70239
1.29441
1.97714
2.94038
2.16466
3.71268
2.00604
3.05015
3.02405
3.30497
3.58723
3.18875
2.2163
1.17393
3.71081
3.58569
1.42682
3.1313
3.76357
1.8216
1.70722
1.24107
3.9638
1.32485
3.17253
1.82767
3.30745
1.53933
3.94972
2.19854
1.8433
1.65211
2.49295
2.82043
3.59249
3.65761
2.53311
1.59853
2.70776
1.55717
3.9035
2.29499
3.74592
2.1198
2.46892
3.45673
1.70549
2.89574
2.58803
1.46905
3.71734
3.29525
1.71012
3.68114
3.62009
3.88265
1.50881
2.92754
1.42198
1.45853
1.12609
2.26527
2.11064
2.61904
1.08571
1.70313
2.27665
2.61882
2.30166
3.98441
3.17599
2.20517
2.2794
2.92191
3.32497
3.74832
2.37863
1.03046
2.64406
3.96666
1.49951
2.3614
3.26191
2.20964
2.04254
2.882
2.09229
2.55135
1.80955
2.51427
3.00988
1.93563
3.77954
1.12052
3.55467
3.86525
1.82365
1.83132
2.48407
3.12531
1.81572
1.66006
1.33048
3.09512
3.58197
3.65545
2.84344
1.9606
3.68591
1.4875
1.92726
1.18542
2.8489
1.18917
2.39505
3.89143
3.07117
3.48734
2.44278
3.88072
2.00161
1.45266
1.81635
1.78115
1.57318
1.37102
1.6464
2.39683
2.20233
3.13047
1.52214
3.01806
3.79053
1.85262
2.11318
3.3725
1.50807
3.95662
1.33309
1.19398
1.44412
2.26035
1.37939
3.29301
2.44952
2.77445
3.18445
1.52069
2.26179
1.62723
1.4014
3.26339
2.07989
2.21775
1.04454
2.65307
2.58877
1.69094
1.0499
3.7911
3.82141
1.57204
2.80916
3.61195
2.42467
3.92234
2.98444
2.93274
3.87896
3.31754
3.12672
1.32308
1.57789
3.50611
3.61609
3.02741
2.28056
2.80054
3.5481
3.54234
3.42777
3.9495
2.80574
1.50766
2.16725
2.85028
3.16073
3.75602
3.54122
3.21063
3.54713
3.36264
3.78267
2.35629
2.97458
2.20734
2.27863
1.95903
1.14008
2.15759
1.27656
3.26679
2.48066
1.85445
2.7729
2.09675
3.88186
1.05346
3.89729
3.42996
3.5958
3.32506
3.37946
2.40154
3.83272
1.54671
1.25182
2.99346
1.30274
3.79305
2.20409
3.84986
3.15569
1.98676
2.20615
2.13027
3.1941
3.48478
3.0893
3.33418
1.64236
3.36586
2.60097
3.12303
1.22032
1.37387
1.21978
1.10218
1.42733
1.11707
3.53213